4294967278,132
4294967278,131
4294967278,130
4294967278,129
4294967278,128
4294967278,127
4294967278,126
4294967278,125
4294967278,124
4294967278,123
4294967278,122
4294967278,121
4294967278,120
4294967278,119
4294967278,118
4294967278,117
4294967278,116
4294967278,115
4294967278,114
4294967278,113
4294967278,112
4294967278,111
4294967278,110
4294967278,109
4294967278,108
4294967278,107
4294967278,106
4294967278,105
4294967278,104
4294967278,103
4294967278,102
4294967278,101
4294967278,100
4294967278,99
4294967278,98
4294967278,97
4294967278,96
4294967278,95
4294967278,94
4294967278,93
4294967278,92
4294967278,91
4294967278,90
4294967278,89
4294967278,87
4294967278,86
4294967278,85
4294967278,84
4294967278,83
4294967278,82
4294967278,81
4294967278,80
4294967278,79
4294967278,78
4294967278,76
4294967278,72
4294967278,70
4294967278,69
4294967278,68
4294967278,67
4294967278,65
4294967278,64
4294967278,63
4294967278,62
4294967278,58
4294967278,56
4294967278,55
4294967278,54
4294967278,53
4294967278,51
4294967278,50
4294967278,49
4294967278,48
4294967279,48
4294967279,40
4294967279,35
4294967279,29
4294967279,22
4294967279,19
4294967279,15
4294967279,13
4294967279,12
4294967279,9
4294967279,8
4294967279,25
4294967279,285
4294967279,135
4294967278,135
4294967278,134
4294967278,297
4294967278,336
4294967278,77
4294967278,335
4294967278,75
4294967278,74
4294967278,73
4294967278,71
4294967278,66
4294967278,61
4294967278,60
4294967278,59
4294967278,57
4294967278,52
4294967278,47
4294967279,522
4294967279,58
4294967279,57
4294967279,56
4294967279,55
4294967279,54
4294967279,53
4294967279,52
4294967279,51
4294967279,50
4294967279,47
4294967279,46
4294967279,33
4294967279,7
4294967279,6
4294967279,5
4294967279,4
4294967278,275
4294967279,266
4294967294,436
4294967279,265
4294967279,515
4294967294,50
4294967278,296
4294967278,267
4294967278,282
4294967278,281
4294967279,261
4294967294,8
4294967294,914
4294967278,265
4294967279,275
4294967278,371
4294967278,0
4294967278,285
4294967279,254
52,5
4294967278,262
52,4
52,3
52,2
52,1
4294967279,281
4294967278,261
4294967294,89
4294967294,386
4294967279,557
4294967279,556
4294967294,81
4294967294,402
4294967294,463
4294967278,370
4294967279,252
4294967294,22
4294967278,369
4294967279,555
4294967294,38
4294967294,1418
4294967279,554
4294967279,250
4294967279,247
4294967279,249
50,5
50,4
4294967279,248
50,3
50,2
50,1
4294967279,553
4294967279,245
4294967278,244
4294967279,243
4294967279,241
4294967279,239
4294967294,393
4294967294,471
4294967279,237
4294967278,368
4294967278,324
4294967279,236
48,5
4294967279,233
48,4
4294967279,231
48,3
48,2
48,1
4294967279,230
4294967278,230
4294967279,229
4294967278,228
4294967279,223
4294967278,226
4294967279,226
4294967279,224
47,6
4294967294,1
4294967279,221
4294967279,222
4294967278,221
4294967278,219
4294967279,219
47,5
4294967279,215
47,4
4294967279,514
47,3
47,2
47,1
4294967279,213
4294967278,367
4294967279,552
4294967294,46
4294967279,209
4294967278,366
4294967279,513
4294967279,512
46,5
4294967279,208
4294967279,207
46,4
46,3
46,2
46,1
4294967278,365
4294967279,206
4294967294,903
4294967294,185
4294967279,205
4294967278,202
4294967279,204
4294967279,203
45,5
4294967278,201
4294967279,201
4294967278,200
45,4
4294967279,200
45,3
45,2
45,1
4294967278,199
4294967294,2
4294967279,199
4294967294,17
4294967294,41
4294967279,198
4294967294,9
4294967279,197
4294967294,94
4294967294,96
4294967279,196
44,4
44,3
44,2
44,1
4294967294,389
0,5
4294967278,317
4294967279,195
0,7
4294967294,27
4294967294,67
4294967279,551
4294967294,0
4294967278,364
4294967279,550
4294967278,363
4294967279,549
4294967294,470
4294967279,315
4294967294,91
4294967294,87
4294967294,85
4294967294,1414
4294967294,83
4294967294,921
4294967294,950
4294967294,29
4294967294,418
4294967294,28
4294967294,920
4294967294,25
4294967294,946
4294967294,26
4294967294,53
4294967294,416
4294967294,426
4294967294,423
4294967294,93
4294967294,95
4294967278,188
4294967278,316
4294967294,7
4294967279,314
4294967294,6
4294967293,131
4294967293,130
4294967293,129
4294967293,128
4294967293,127
4294967293,126
4294967293,125
4294967293,124
4294967293,123
4294967293,122
4294967293,121
4294967293,120
4294967293,119
4294967293,118
4294967293,117
4294967293,116
4294967293,115
4294967293,114
4294967293,113
4294967293,112
4294967293,111
4294967293,110
4294967293,109
4294967293,108
4294967293,107
4294967293,106
4294967293,105
4294967293,104
4294967293,103
4294967293,102
4294967293,101
4294967293,100
4294967293,99
4294967293,98
4294967293,97
4294967293,96
4294967293,95
4294967293,94
4294967293,93
4294967293,92
4294967293,91
4294967293,90
4294967293,89
4294967293,87
4294967293,86
